11 0.059375 0.4984375 0.084375 0.134375
11 0.61484375 0.565625 0.0640625 0.11875
11 0.13125 0.55546875 0.0421875 0.115625
11 0.203125 0.5484375 0.0609375 0.1390625
11 0.284375 0.58984375 0.0515625 0.13125
11 0.43125 0.55078125 0.05625 0.115625
11 0.5078125 0.53359375 0.065625 0.1078125
11 0.821875 0.603125 0.0421875 0.0984375
11 0.89296875 0.55703125 0.0453125 0.084375
11 0.9578125 0.54609375 0.0359375 0.078125
10 0.83203125 0.5419921875 0.830078125 0.5185546875 0.8193359375 0.513671875 0.810546875 0.5244140625 0.810546875 0.5439453125 0.798828125 0.5556640625 0.79296875 0.5849609375 0.794921875 0.6259765625 0.80859375 0.6474609375 0.810546875 0.7099609375 0.822265625 0.7138671875 0.837890625 0.6650390625 0.837890625 0.6337890625 0.8515625 0.6162109375 0.84375 0.5908203125 0.853515625 0.5771484375 0.83203125 0.5419921875
10 0.0859375 0.3779296875 0.0673828125 0.369140625 0.056640625 0.3798828125 0.056640625 0.4189453125 0.0478515625 0.431640625 0.029296875 0.4404296875 0.009765625 0.4951171875 0.01171875 0.5263671875 0.03125 0.5693359375 0.03125 0.6591796875 0.00390625 0.7255859375 0.001953125 0.7431640625 0.01171875 0.7802734375 0.0302734375 0.791015625 0.03515625 0.7822265625 0.03515625 0.7275390625 0.0576171875 0.685546875 0.060546875 0.7919921875 0.087890625 0.7939453125 0.095703125 0.5693359375 0.107421875 0.5498046875 0.111328125 0.4912109375 0.10546875 0.4541015625 0.087890625 0.4287109375 0.0859375 0.3779296875