11 0.1359375 0.39140625 0.1359375 0.2890625
11 0.5125 0.3921875 0.159375 0.29375
11 0.88203125 0.3875 0.1140625 0.2921875
8 0.8765625 0.1828125 0.09921875 0.13203125
8 0.12109375 0.17578125 0.08359375 0.14375
7 0.90703125 0.55859375 0.08125 0.0796875
7 0.8234375 0.51953125 0.08125 0.08203125
7 0.1984375 0.54921875 0.08671875 0.09765625
7 0.078125 0.55 0.1078125 0.1109375
0 0.87109375 0.9171875 0.17578125 0.12890625
0 0.1359375 0.9109375 0.21171875 0.13515625
10 0.846875 0.5375 0.22421875 0.925
10 0.1328125 0.5203125 0.23984375 0.95