11 0.51953125 0.43515625 0.1671875 0.3203125
11 0.66171875 0.384375 0.0921875 0.275
11 0.2546875 0.3734375 0.1828125 0.240625
11 0.8 0.3921875 0.14375 0.275
8 0.34921875 0.20703125 0.2015625 0.203125
8 0.4953125 0.21328125 0.1546875 0.16171875
8 0.6265625 0.1828125 0.1390625 0.18359375
8 0.76484375 0.19453125 0.13515625 0.17578125
10 0.275 0.48046875 0.30859375 0.83828125
10 0.50859375 0.51875 0.23828125 0.9234375
10 0.63203125 0.4609375 0.16796875 0.75703125
10 0.7796875 0.4375 0.19921875 0.78125