11 0.48046875 0.43515625 0.1671875 0.3203125
11 0.33828125 0.384375 0.0921875 0.275
11 0.7453125 0.3734375 0.1828125 0.240625
11 0.2 0.3921875 0.14375 0.275
8 0.65078125 0.20703125 0.2015625 0.203125
8 0.5046875 0.21328125 0.1546875 0.16171875
8 0.3734375 0.1828125 0.1390625 0.18359375
8 0.23515625 0.19453125 0.13515625 0.17578125
10 0.725 0.48046875 0.30859375 0.83828125
10 0.49140625 0.51875 0.23828125 0.9234375
10 0.36796875 0.4609375 0.16796875 0.75703125
10 0.2203125 0.4375 0.19921875 0.78125