11 0.2171875 0.63359375 0.0625 0.14375
11 0.54765625 0.5359375 0.06875 0.096875
11 0.33359375 0.52421875 0.0515625 0.0859375
11 0.7171875 0.56015625 0.0390625 0.0671875
11 0.62734375 0.53828125 0.0453125 0.0859375
11 0.86640625 0.578125 0.0546875 0.1015625
11 0.36875 0.51953125 0.078125 0.09375
11 0.49140625 0.5203125 0.065625 0.10625
11 0.24765625 0.5359375 0.05 0.096875
10 0.853125 0.625 0.12109375 0.28515625
10 0.7140625 0.590625 0.07421875 0.27890625
10 0.62265625 0.584375 0.075 0.2453125
10 0.546875 0.5828125 0.04921875 0.2578125
10 0.3796875 0.571875 0.0640625 0.2671875
10 0.32109375 0.565625 0.05625 0.2671875
10 0.2515625 0.56953125 0.04609375 0.23671875
10 0.2078125 0.6296875 0.0796875 0.1796875