11 0.159375 0.378125 0.103125 0.2890625
11 0.5421875 0.39921875 0.0484375 0.1875
11 0.396875 0.403125 0.0625 0.1921875
11 0.4734375 0.4125 0.09375 0.253125
11 0.5984375 0.4328125 0.08125 0.234375
11 0.315625 0.453125 0.09375 0.2640625
11 0.76953125 0.5828125 0.1078125 0.26875
0 0.68828125 0.7796875 0.05 0.0765625
0 0.2171875 0.78125 0.0828125 0.10625
0 0.1421875 0.853125 0.071875 0.0953125
0 0.66015625 0.75390625 0.059375 0.059375
0 0.61328125 0.71875 0.0515625 0.071875
0 0.284375 0.78125 0.0484375 0.075
1 0.10625 0.44453125 0.08515625 0.16171875
1 0.21328125 0.4234375 0.08515625 0.159375
1 0.27109375 0.48828125 0.05390625 0.15625
1 0.3546875 0.48828125 0.075 0.17734375
1 0.4265625 0.43515625 0.05546875 0.1375
1 0.52578125 0.44453125 0.065625 0.15625
1 0.66796875 0.62421875 0.03671875 0.10390625
2 0.16015625 0.16328125 0.08984375 0.16796875
2 0.31171875 0.26171875 0.0640625 0.16796875
2 0.39296875 0.27109375 0.05859375 0.13359375
2 0.47265625 0.2421875 0.059375 0.16328125
2 0.5328125 0.27421875 0.0484375 0.13046875
2 0.61015625 0.2890625 0.05 0.16640625
2 0.78515625 0.415625 0.05859375 0.14921875
8 0.66796875 0.3328125 0.05703125 0.10625
10 0.16875 0.48046875 0.16484375 0.8421875
10 0.31640625 0.48828125 0.12109375 0.73984375
10 0.39296875 0.50859375 0.06640625 0.684375
10 0.475 0.48046875 0.07265625 0.72578125
10 0.53515625 0.50234375 0.0640625 0.64375
10 0.584375 0.45 0.12890625 0.7015625
10 0.66328125 0.5296875 0.10234375 0.596875
10 0.7765625 0.62265625 0.1546875 0.6265625