11 0.715625 0.5046875 0.0734375 0.1953125
11 0.34609375 0.55390625 0.0796875 0.2265625
11 0.5890625 0.5578125 0.059375 0.15625
11 0.9453125 0.6265625 0.10625 0.3015625
11 0.4703125 0.628125 0.14375 0.3984375
2 0.484375 0.33203125 0.13671875 0.171875
2 0.340625 0.40859375 0.09375 0.1234375
2 0.7203125 0.36796875 0.07421875 0.1109375
2 0.9484375 0.4140625 0.10078125 0.16015625
2 0.5890625 0.45 0.03828125 0.08203125
1 0.30390625 0.578125 0.04296875 0.121875
1 0.38671875 0.57421875 0.0484375 0.13515625
1 0.6171875 0.5609375 0.05546875 0.121875
1 0.68203125 0.534375 0.03671875 0.121875
1 0.76328125 0.53203125 0.075 0.1375
1 0.88671875 0.65703125 0.0640625 0.22890625