11 0.690625 0.5234375 0.071875 0.1859375
11 0.5625 0.57265625 0.0625 0.159375
11 0.3171875 0.58046875 0.0828125 0.2296875
11 0.9171875 0.6625 0.1171875 0.2984375
11 0.446875 0.6640625 0.1484375 0.415625
10 0.3140625 0.6546875 0.10625 0.54453125
10 0.44609375 0.64453125 0.1640625 0.7109375
10 0.56875 0.6109375 0.075 0.3515625
10 0.6875 0.61171875 0.09609375 0.503125
10 0.92109375 0.703125 0.1546875 0.59375
0 0.28359375 0.8734375 0.046875 0.1046875
0 0.3453125 0.8703125 0.0421875 0.1140625
0 0.71171875 0.82265625 0.05625 0.08125
0 0.8609375 0.96015625 0.0609375 0.0796875
0 0.95859375 0.96484375 0.0578125 0.0703125
2 0.3140625 0.4375 0.0546875 0.10703125
2 0.45390625 0.35859375 0.09453125 0.1421875
2 0.6890625 0.39140625 0.053125 0.08046875
2 0.5609375 0.4640625 0.0359375 0.06328125
2 0.9234375 0.459375 0.06171875 0.10625