11 0.2875 0.36015625 0.04375 0.078125
11 0.19375 0.378125 0.040625 0.0546875
11 0.3328125 0.3796875 0.0390625 0.0390625
11 0.4828125 0.39921875 0.025 0.075
11 0.62109375 0.4109375 0.040625 0.0828125
11 0.69296875 0.42421875 0.0265625 0.0578125
11 0.5515625 0.4296875 0.03125 0.0453125
11 0.334375 0.44140625 0.0359375 0.1046875
11 0.51484375 0.44453125 0.015625 0.046875
11 0.5421875 0.446875 0.053125 0.1296875
11 0.2359375 0.45234375 0.0703125 0.1484375
11 0.46640625 0.490625 0.025 0.10625
11 0.653125 0.51328125 0.075 0.159375
11 0.4015625 0.5265625 0.0890625 0.25
10 0.228125 0.5328125 0.1109375 0.453125
10 0.4078125 0.6203125 0.140625 0.6421875
10 0.66953125 0.5859375 0.13984375 0.46484375
10 0.54453125 0.55859375 0.08828125 0.41953125
10 0.340625 0.50078125 0.08203125 0.3671875
2 0.23046875 0.3546875 0.0625 0.109375
2 0.33984375 0.3546875 0.04453125 0.08359375
2 0.4078125 0.35 0.05546875 0.13203125
2 0.4640625 0.4234375 0.03046875 0.08203125
2 0.5328125 0.40625 0.05546875 0.0921875
2 0.66640625 0.40625 0.06875 0.10234375
0 0.19453125 0.71640625 0.053125 0.12421875
0 0.2578125 0.7109375 0.040625 0.1140625
0 0.3546875 0.86796875 0.053125 0.10078125
0 0.45 0.86953125 0.059375 0.13984375
0 0.5203125 0.66875 0.03046875 0.06953125
0 0.5640625 0.69140625 0.028125 0.1
0 0.6359375 0.7453125 0.04765625 0.14609375
0 0.7109375 0.73125 0.05546875 0.12734375
1 0.31015625 0.31171875 0.025 0.05546875
1 0.69140625 0.36796875 0.05546875 0.0609375
1 0.634375 0.3671875 0.0265625 0.04140625