11 0.55 0.334375 0.0546875 0.128125
11 0.5671875 0.34765625 0.0203125 0.0921875
11 0.36875 0.3484375 0.0390625 0.1296875
11 0.43515625 0.3578125 0.0484375 0.115625
11 0.34375 0.35859375 0.025 0.0703125
11 0.5 0.375 0.0421875 0.115625
11 0.51796875 0.375 0.01875 0.071875
11 0.6125 0.375 0.059375 0.1546875
11 0.4609375 0.38203125 0.0140625 0.046875
11 0.4765625 0.384375 0.0140625 0.0609375
11 0.4125 0.3875 0.0125 0.0515625
11 0.58125 0.421875 0.015625 0.071875
11 0.6390625 0.42421875 0.0234375 0.0640625
10 0.25546875 0.40078125 0.090625 0.42109375
10 0.36015625 0.3734375 0.07421875 0.321875
10 0.43984375 0.39140625 0.0671875 0.30390625
10 0.49375 0.4078125 0.0671875 0.28828125
10 0.5484375 0.38828125 0.065625 0.3875
10 0.628125 0.4234375 0.09296875 0.3640625
2 0.2515625 0.22265625 0.05234375 0.0828125
2 0.37421875 0.259375 0.046875 0.0890625
2 0.4375 0.28125 0.03828125 0.06640625
2 0.50234375 0.30625 0.03046875 0.0625
2 0.55 0.23515625 0.04921875 0.08046875
2 0.61328125 0.271875 0.04765625 0.08203125
0 0.23203125 0.56796875 0.0484375 0.06796875
0 0.28203125 0.575 0.03984375 0.06875
0 0.3515625 0.521875 0.03203125 0.06015625
0 0.375 0.51875 0.02734375 0.059375
0 0.534375 0.5203125 0.01484375 0.08046875
0 0.5625 0.5375 0.0265625 0.07890625
0 0.6359375 0.57265625 0.04140625 0.1125
0 0.6015625 0.56953125 0.0375 0.09375
0 0.425 0.51484375 0.03125 0.0640625
0 0.44609375 0.5234375 0.0328125 0.06796875
0 0.4828125 0.51875 0.03515625 0.04921875
0 0.51171875 0.52109375 0.01796875 0.040625