11 0.9171875 0.390625 0.1140625 0.2765625
11 0.98359375 0.40390625 0.0328125 0.1390625
11 0.51640625 0.42265625 0.1296875 0.340625
11 0.7703125 0.42265625 0.096875 0.2390625
11 0.85625 0.4296875 0.0375 0.159375
11 0.578125 0.475 0.0265625 0.1203125
11 0.69765625 0.48671875 0.0171875 0.14375
11 0.7234375 0.49375 0.0296875 0.10625
11 0.46875 0.496875 0.0484375 0.20625
11 0.615625 0.50234375 0.0515625 0.1625
11 0.821875 0.503125 0.01875 0.0859375
11 0.6578125 0.5046875 0.1046875 0.28125
11 0.34375 0.6171875 0.159375 0.46875
11 0.45 0.678125 0.05625 0.25625
11 0.2703125 0.74609375 0.0671875 0.2078125
10 0.92265625 0.4828125 0.13671875 0.7140625
10 0.78125 0.528125 0.11875 0.640625
10 0.65625 0.55234375 0.125 0.675
10 0.5328125 0.54375 0.13515625 0.9125
10 0.3328125 0.5984375 0.2453125 0.803125
2 0.91640625 0.21015625 0.0953125 0.15546875
2 0.77734375 0.265625 0.08203125 0.1375
2 0.64453125 0.30859375 0.08046875 0.1515625
2 0.52109375 0.16796875 0.10859375 0.17890625
2 0.33359375 0.3015625 0.1046875 0.25390625
0 0.965625 0.7484375 0.05859375 0.125
0 0.8921875 0.7421875 0.04453125 0.1125
0 0.80703125 0.7375 0.05546875 0.165625
0 0.74609375 0.753125 0.0375 0.19375
0 0.68828125 0.784375 0.06015625 0.1609375
0 0.63359375 0.8125 0.04453125 0.2
0 0.565625 0.90859375 0.05546875 0.10546875
0 0.50859375 0.92890625 0.05625 0.1421875