10 0.5953125 0.5875 0.0734375 0.3578125
10 0.9359375 0.6828125 0.128125 0.634375
10 0.72109375 0.578125 0.11328125 0.50390625
10 0.35078125 0.625 0.115625 0.5296875
11 0.715625 0.5046875 0.075 0.1953125
11 0.34609375 0.55390625 0.0796875 0.2265625
11 0.5890625 0.5578125 0.059375 0.15625
10 0.48359375 0.63046875 0.1765625 0.7390625
11 0.9453125 0.6265625 0.10625 0.303125
0 0.7453125 0.7984375 0.0609375 0.0796875
11 0.4703125 0.628125 0.14375 0.3984375
0 0.315625 0.84140625 0.0453125 0.103125
0 0.37734375 0.83828125 0.04375 0.096875
2 0.4875 0.33515625 0.0921875 0.14296875
2 0.3421875 0.4078125 0.0515625 0.10078125
2 0.7203125 0.37109375 0.0453125 0.096875
2 0.95703125 0.41796875 0.0625 0.10859375