11 0.840625 0.378125 0.103125 0.2890625
11 0.4578125 0.39921875 0.0484375 0.1875
11 0.603125 0.403125 0.0625 0.1921875
11 0.5265625 0.4125 0.09375 0.253125
11 0.4015625 0.4328125 0.08125 0.234375
11 0.684375 0.453125 0.09375 0.2640625
11 0.23046875 0.5828125 0.1078125 0.26875
0 0.31171875 0.7796875 0.05 0.0765625
0 0.7828125 0.78125 0.0828125 0.10625
0 0.8578125 0.853125 0.071875 0.0953125
0 0.33984375 0.75390625 0.059375 0.059375
0 0.38671875 0.71875 0.0515625 0.071875
0 0.715625 0.78125 0.0484375 0.075
1 0.89375 0.44453125 0.08515625 0.16171875
1 0.78671875 0.4234375 0.08515625 0.159375
1 0.72890625 0.48828125 0.05390625 0.15625
1 0.6453125 0.48828125 0.075 0.17734375
1 0.5734375 0.43515625 0.05546875 0.1375
1 0.47421875 0.44453125 0.065625 0.15625
1 0.33203125 0.62421875 0.03671875 0.10390625
2 0.83984375 0.16328125 0.08984375 0.16796875
2 0.68828125 0.26171875 0.0640625 0.16796875
2 0.60703125 0.27109375 0.05859375 0.13359375
2 0.52734375 0.2421875 0.059375 0.16328125
2 0.4671875 0.27421875 0.0484375 0.13046875
2 0.38984375 0.2890625 0.05 0.16640625
2 0.21484375 0.415625 0.05859375 0.14921875
8 0.33203125 0.3328125 0.05703125 0.10625
10 0.83125 0.48046875 0.16484375 0.8421875
10 0.68359375 0.48828125 0.12109375 0.73984375
10 0.60703125 0.50859375 0.06640625 0.684375
10 0.525 0.48046875 0.07265625 0.72578125
10 0.46484375 0.50234375 0.0640625 0.64375
10 0.415625 0.45 0.12890625 0.7015625
10 0.33671875 0.5296875 0.10234375 0.596875
10 0.2234375 0.62265625 0.1546875 0.6265625