11 0.840625 0.378125 0.103125 0.2890625
11 0.4578125 0.39921875 0.046875 0.1875
11 0.603125 0.403125 0.0625 0.19375
11 0.5265625 0.4125 0.09375 0.253125
11 0.4015625 0.4328125 0.08125 0.234375
11 0.684375 0.453125 0.09375 0.2640625
10 0.83203125 0.4875 0.1640625 0.78359375
10 0.68359375 0.51640625 0.1140625 0.60546875
11 0.23046875 0.5828125 0.1078125 0.26875
0 0.31171875 0.7796875 0.05 0.078125
0 0.7828125 0.78125 0.08125 0.10625
0 0.8578125 0.853125 0.071875 0.0953125
0 0.33984375 0.75390625 0.059375 0.059375
0 0.38671875 0.71875 0.0515625 0.071875
0 0.715625 0.78125 0.05 0.075
10 0.6015625 0.49765625 0.09375 0.5234375
10 0.5296875 0.490625 0.0953125 0.61953125
10 0.2234375 0.6546875 0.1234375 0.56640625
0 0.49140625 0.7375 0.059375 0.15078125
0 0.565625 0.7453125 0.0484375 0.13515625
0 0.6453125 0.7421875 0.0609375 0.1234375
2 0.828125 0.165625 0.06796875 0.1296875
2 0.68046875 0.26328125 0.053125 0.09765625
2 0.59921875 0.2765625 0.04765625 0.071875
2 0.52265625 0.234375 0.05546875 0.1078125
2 0.46484375 0.2671875 0.04453125 0.07421875
2 0.3953125 0.3015625 0.04765625 0.096875
2 0.22109375 0.4125 0.0609375 0.09765625