11 0.40546875 0.55546875 0.1203125 0.2890625
11 0.60078125 0.47890625 0.0984375 0.2734375
11 0.70546875 0.52109375 0.1078125 0.2546875
0 0.25 0.8421875 0.065625 0.028125
0 0.3609375 0.9296875 0.0375 0.03125
0 0.421875 0.93046875 0.034375 0.0328125
0 0.6 0.921875 0.075 0.040625
0 0.68828125 0.91171875 0.0734375 0.0328125
0 0.1265625 0.8140625 0.05 0.0875
10 0.20078125 0.565625 0.1921875 0.628125
10 0.3875 0.6203125 0.184375 0.684375
10 0.59765625 0.603125 0.1828125 0.7375
10 0.7140625 0.61328125 0.175 0.65625
2 0.2125 0.32421875 0.08671875 0.14765625
2 0.4109375 0.36015625 0.0921875 0.1578125
2 0.58984375 0.3015625 0.1109375 0.14921875
2 0.7 0.34609375 0.09375 0.16328125