11 0.8203125 0.32578125 0.253125 0.3015625
11 0.734375 0.36953125 0.0625 0.1140625
11 0.60859375 0.30390625 0.0765625 0.1546875
11 0.5265625 0.309375 0.090625 0.190625
11 0.32890625 0.290625 0.1015625 0.190625
11 0.0953125 0.3375 0.11875 0.325
0 0.1140625 0.765625 0.078125 0.046875
0 0.37890625 0.64609375 0.0546875 0.0265625
0 0.31015625 0.6453125 0.0328125 0.025
0 0.5359375 0.64375 0.046875 0.034375
10 0.09453125 0.4203125 0.1546875 0.790625
10 0.12890625 0.29765625 0.0609375 0.296875
10 0.33828125 0.38671875 0.2 0.596875
10 0.53046875 0.4046875 0.1359375 0.55625
10 0.615625 0.3859375 0.121875 0.521875
10 0.73203125 0.43359375 0.1234375 0.565625
10 0.87109375 0.4359375 0.16875 0.75625
2 0.85546875 0.15390625 0.09765625 0.13515625
2 0.73671875 0.215625 0.06640625 0.11953125
2 0.5984375 0.1921875 0.05546875 0.1265625
2 0.540625 0.1890625 0.075 0.14453125
2 0.3296875 0.165625 0.09921875 0.140625
2 0.14375 0.22109375 0.08203125 0.1234375
2 0.0921875 0.12890625 0.10234375 0.16484375
7 0.9 0.48828125 0.08984375 0.109375
7 0.76015625 0.47265625 0.03984375 0.07265625
7 0.69921875 0.4546875 0.05078125 0.07109375
7 0.57109375 0.40625 0.0453125 0.08203125
7 0.64453125 0.415625 0.07421875 0.078125
7 0.45859375 0.40859375 0.0625 0.08125
7 0.38046875 0.39453125 0.05703125 0.08828125
7 0.284375 0.42109375 0.07109375 0.09765625