2 0.896875 0.215625 0.0671875 0.14921875
2 0.35703125 0.17265625 0.0546875 0.1234375
2 0.2453125 0.17421875 0.05859375 0.12421875
2 0.17265625 0.4703125 0.05390625 0.13125
11 0.903125 0.4390625 0.153125 0.325
11 0.3734375 0.365625 0.115625 0.259375
11 0.23828125 0.3484375 0.1171875 0.253125
11 0.14609375 0.63359375 0.1234375 0.2265625
0 0.79921875 0.978125 0.0796875 0.04375
0 0.24609375 0.81796875 0.0609375 0.0421875
0 0.20703125 0.86640625 0.0671875 0.0484375
0 0.1203125 0.853125 0.034375 0.06875
10 0.17421875 0.646875 0.1796875 0.4890625
10 0.23046875 0.48046875 0.153125 0.7265625
10 0.37578125 0.478125 0.14765625 0.7265625
0 0.34375 0.80859375 0.0828125 0.075
0 0.91484375 0.9734375 0.0578125 0.053125
10 0.87890625 0.5734375 0.2421875 0.853125
1 0.2046875 0.6921875 0.0421875 0.0546875
1 0.20234375 0.76484375 0.05234375 0.05234375
1 0.7734375 0.40625 0.03828125 0.06484375
1 0.96015625 0.63984375 0.04453125 0.05234375