11 0.2046875 0.42578125 0.1375 0.2703125
11 0.31875 0.42578125 0.121875 0.3015625
11 0.47421875 0.35546875 0.1328125 0.2734375
0 0.21484375 0.8859375 0.0765625 0.0875
0 0.26640625 0.88359375 0.0765625 0.0765625
0 0.3484375 0.8609375 0.084375 0.059375
0 0.471875 0.890625 0.1 0.053125
10 0.21171875 0.5453125 0.1921875 0.803125
10 0.31953125 0.5234375 0.159375 0.740625
10 0.51171875 0.51796875 0.2484375 0.8453125
2 0.22265625 0.25078125 0.125 0.16875
2 0.3375 0.23125 0.10390625 0.153125
2 0.47265625 0.18671875 0.16171875 0.1546875