10 0.884375 0.58828125 0.23125 0.8125
6 0.8578125 0.89765625 0.06875 0.0515625
6 0.81875 0.940625 0.065625 0.078125
10 0.64296875 0.53125 0.359375 0.9375
10 0.284375 0.5328125 0.44375 0.934375
10 0.13203125 0.353125 0.1703125 0.44375
8 0.26640625 0.215625 0.1796875 0.26953125
8 0.14453125 0.21796875 0.0921875 0.1890625
8 0.89296875 0.27109375 0.090625 0.1296875
2 0.65078125 0.21484375 0.15390625 0.28125
9 0.86875 0.44765625 0.1609375 0.32734375
9 0.6859375 0.5765625 0.22734375 0.52265625
9 0.20390625 0.49453125 0.24140625 0.44375
7 0.4078125 0.671875 0.096875 0.1203125
7 0.44375 0.5734375 0.06875 0.12421875
1 0.59140625 0.6578125 0.1015625 0.14140625