10 0.115625 0.58828125 0.23125 0.8125
6 0.1421875 0.89765625 0.06875 0.0515625
6 0.18125 0.940625 0.065625 0.078125
10 0.35703125 0.53125 0.359375 0.9375
10 0.715625 0.5328125 0.44375 0.934375
10 0.86796875 0.353125 0.1703125 0.44375
8 0.73359375 0.215625 0.1796875 0.26953125
8 0.85546875 0.21796875 0.0921875 0.1890625
8 0.10703125 0.27109375 0.090625 0.1296875
2 0.34921875 0.21484375 0.15390625 0.28125
9 0.13125 0.44765625 0.1609375 0.32734375
9 0.3140625 0.5765625 0.22734375 0.52265625
9 0.79609375 0.49453125 0.24140625 0.44375
7 0.5921875 0.671875 0.096875 0.1203125
7 0.55625 0.5734375 0.06875 0.12421875
1 0.40859375 0.6578125 0.1015625 0.14140625