11 0.08046875 0.459375 0.1609375 0.321875
11 0.3125 0.45859375 0.1625 0.3171875
11 0.515625 0.4640625 0.175 0.28125
11 0.7078125 0.45234375 0.159375 0.3015625
0 0.02109375 0.82890625 0.0421875 0.1171875
0 0.09296875 0.83671875 0.0796875 0.1140625
0 0.27109375 0.784375 0.1078125 0.10625
0 0.3296875 0.81171875 0.103125 0.1140625
0 0.5 0.76484375 0.1 0.0953125
0 0.5453125 0.80859375 0.09375 0.0953125
0 0.6671875 0.80078125 0.090625 0.0734375
0 0.7109375 0.83828125 0.1 0.0890625
0 0.87265625 0.83515625 0.1203125 0.1015625
0 0.92265625 0.8703125 0.1484375 0.1125
10 0.90078125 0.5203125 0.1984375 0.89375
10 0.70625 0.55234375 0.1796875 0.7
10 0.51953125 0.5390625 0.1953125 0.6296875
10 0.29296875 0.5375 0.1921875 0.64375
10 0.07421875 0.5453125 0.1484375 0.690625
2 0.05078125 0.29453125 0.08125 0.140625
2 0.30078125 0.3 0.08515625 0.128125
2 0.50390625 0.30390625 0.08125 0.11953125
2 0.7078125 0.28125 0.075 0.13359375
2 0.9 0.16875 0.10390625 0.17578125