11 0.2796875 0.47265625 0.240625 0.2484375
10 0.584375 0.58203125 0.3375 0.740625
11 0.575 0.46015625 0.240625 0.2390625
0 0.16796875 0.92265625 0.1078125 0.0609375
0 0.334375 0.91875 0.125 0.06875
10 0.26953125 0.57421875 0.3359375 0.765625
0 0.5234375 0.9125 0.115625 0.078125
2 0.28203125 0.2953125 0.125 0.11796875
0 0.67109375 0.915625 0.0984375 0.0625
2 0.56015625 0.28984375 0.11328125 0.11328125
7 0.72109375 0.6171875 0.0515625 0.05
7 0.4046875 0.6328125 0.04765625 0.065625
7 0.45390625 0.62109375 0.04296875 0.06328125