11 0.21171875 0.2484375 0.0640625 0.046875
11 0.3171875 0.31640625 0.065625 0.0765625
11 0.50703125 0.3109375 0.0578125 0.05
11 0.8046875 0.5375 0.0625 0.084375
2 0.81015625 0.48125 0.02734375 0.03828125
2 0.31015625 0.25625 0.0359375 0.034375
0 0.76015625 0.7015625 0.0328125 0.034375
0 0.3375 0.425 0.021875 0.053125
0 0.3015625 0.409375 0.03125 0.05
0 0.24609375 0.39765625 0.0265625 0.0640625
0 0.2046875 0.35078125 0.025 0.0515625
0 0.53828125 0.40625 0.0234375 0.0375
0 0.51953125 0.4015625 0.0234375 0.034375
10 0.778125 0.61484375 0.1140625 0.32109375
10 0.49921875 0.35078125 0.10859375 0.159375
10 0.2078125 0.3109375 0.11171875 0.240625
10 0.3171875 0.346875 0.09140625 0.20625
0 0.51953125 0.39921875 0.02421875 0.04296875