0 0.66953125 0.80703125 0.0203125 0.0359375
0 0.63984375 0.7875 0.0390625 0.021875
0 0.521875 0.7546875 0.021875 0.021875
0 0.48046875 0.75859375 0.0265625 0.0296875
0 0.43515625 0.79453125 0.0328125 0.0234375
0 0.40234375 0.81171875 0.0203125 0.0296875
0 0.35234375 0.815625 0.0421875 0.01875
0 0.32109375 0.83828125 0.0234375 0.0265625
0 0.28828125 0.93515625 0.0578125 0.0390625
10 0.66484375 0.6265625 0.159375 0.434375
10 0.52734375 0.5890625 0.1265625 0.390625
10 0.4296875 0.6140625 0.0984375 0.43125
10 0.27578125 0.6734375 0.125 0.596875
10 0.35078125 0.628125 0.0984375 0.4515625
2 0.66171875 0.4609375 0.07109375 0.0953125
2 0.5390625 0.428125 0.06953125 0.08984375
2 0.43359375 0.440625 0.03828125 0.10546875
2 0.35625 0.43359375 0.0765625 0.1125
7 0.70078125 0.6140625 0.03515625 0.08359375
7 0.62734375 0.603125 0.05546875 0.08359375
7 0.52734375 0.56328125 0.05859375 0.075