0 0.33046875 0.80703125 0.0203125 0.0359375
0 0.36015625 0.7875 0.0390625 0.021875
0 0.478125 0.7546875 0.021875 0.021875
0 0.51953125 0.75859375 0.0265625 0.0296875
0 0.56484375 0.79453125 0.0328125 0.0234375
0 0.59765625 0.81171875 0.0203125 0.0296875
0 0.64765625 0.815625 0.0421875 0.01875
0 0.67890625 0.83828125 0.0234375 0.0265625
0 0.71171875 0.93515625 0.0578125 0.0390625
10 0.33515625 0.6265625 0.159375 0.434375
10 0.47265625 0.5890625 0.1265625 0.390625
10 0.5703125 0.6140625 0.0984375 0.43125
10 0.72421875 0.6734375 0.125 0.596875
10 0.64921875 0.628125 0.0984375 0.4515625
2 0.33828125 0.4609375 0.07109375 0.0953125
2 0.4609375 0.428125 0.06953125 0.08984375
2 0.56640625 0.440625 0.03828125 0.10546875
2 0.64375 0.43359375 0.0765625 0.1125
7 0.29921875 0.6140625 0.03515625 0.08359375
7 0.37265625 0.603125 0.05546875 0.08359375
7 0.47265625 0.56328125 0.05859375 0.075