0 0.7875 0.9765625 0.059375 0.028125
0 0.69921875 0.9390625 0.0296875 0.040625
0 0.66328125 0.9328125 0.0421875 0.040625
0 0.571875 0.87578125 0.021875 0.0359375
0 0.51484375 0.8734375 0.0359375 0.034375
0 0.45859375 0.84375 0.0265625 0.03125
0 0.50234375 0.8375 0.0265625 0.025
0 0.43359375 0.86640625 0.0421875 0.0359375
0 0.39375 0.88671875 0.03125 0.0484375
0 0.3609375 0.86015625 0.040625 0.0328125
0 0.3265625 0.921875 0.04375 0.025
0 0.2984375 0.94453125 0.046875 0.0328125
10 0.14140625 0.70703125 0.1484375 0.5859375
10 0.29609375 0.6796875 0.0859375 0.5609375
10 0.33671875 0.6328125 0.0765625 0.521875
10 0.40234375 0.6640625 0.090625 0.51875
10 0.471875 0.60703125 0.0703125 0.465625
10 0.5421875 0.6359375 0.0921875 0.55
10 0.67890625 0.65859375 0.13125 0.6265625
10 0.80390625 0.69140625 0.0859375 0.6171875
10 0.88046875 0.6578125 0.1203125 0.684375
10 0.96328125 0.6484375 0.0734375 0.7
2 0.68984375 0.40390625 0.09609375 0.1640625
2 0.803125 0.45859375 0.08515625 0.1359375
2 0.87109375 0.3890625 0.08828125 0.15859375
2 0.9703125 0.41171875 0.059375 0.2296875
2 0.53203125 0.409375 0.05078125 0.15
2 0.47890625 0.43671875 0.0703125 0.13515625
2 0.4078125 0.44296875 0.0640625 0.13359375
2 0.35546875 0.4140625 0.096875 0.13984375
2 0.27265625 0.4421875 0.0890625 0.1328125
2 0.14921875 0.4828125 0.1140625 0.1375