11 0.78828125 0.2484375 0.0640625 0.046875
11 0.6828125 0.31640625 0.065625 0.0765625
11 0.49296875 0.3109375 0.0578125 0.05
11 0.1953125 0.5375 0.0625 0.084375
0 0.23984375 0.7015625 0.0328125 0.034375
0 0.6625 0.425 0.021875 0.053125
0 0.6984375 0.409375 0.03125 0.05
0 0.75390625 0.39765625 0.0265625 0.0640625
0 0.7953125 0.35078125 0.025 0.0515625
0 0.46171875 0.40625 0.0234375 0.0375
0 0.48046875 0.4015625 0.0234375 0.034375
10 0.21171875 0.603125 0.1484375 0.3484375
10 0.49765625 0.3390625 0.1265625 0.2
10 0.78515625 0.33046875 0.1015625 0.2484375
10 0.68203125 0.33984375 0.09375 0.234375
2 0.1921875 0.484375 0.05546875 0.0625
2 0.684375 0.26171875 0.0484375 0.0640625