11 0.1796875 0.32578125 0.253125 0.3015625
11 0.265625 0.36953125 0.0625 0.1140625
11 0.39140625 0.30390625 0.0765625 0.1546875
11 0.4734375 0.309375 0.090625 0.190625
11 0.67109375 0.290625 0.1015625 0.190625
11 0.9046875 0.3375 0.11875 0.325
0 0.8859375 0.765625 0.078125 0.046875
0 0.62109375 0.64609375 0.0546875 0.0265625
0 0.68984375 0.6453125 0.0328125 0.025
0 0.4640625 0.64375 0.046875 0.034375
10 0.90546875 0.4203125 0.1546875 0.790625
10 0.87109375 0.29765625 0.0609375 0.296875
10 0.66171875 0.38671875 0.2 0.596875
10 0.46953125 0.4046875 0.1359375 0.55625
10 0.384375 0.3859375 0.121875 0.521875
10 0.26796875 0.43359375 0.1234375 0.565625
10 0.12890625 0.4359375 0.16875 0.75625
2 0.14296875 0.1453125 0.0984375 0.16953125
2 0.2609375 0.2109375 0.0796875 0.13515625
2 0.396875 0.18359375 0.05546875 0.08984375
2 0.4640625 0.190625 0.0625 0.1296875
2 0.675 0.15 0.08125 0.14296875
2 0.93359375 0.11640625 0.0890625 0.1640625
2 0.8734375 0.221875 0.07265625 0.125
7 0.10078125 0.49609375 0.06171875 0.08046875
1 0.5265625 0.41171875 0.03828125 0.06328125
1 0.35 0.4296875 0.03046875 0.065625
1 0.41484375 0.40078125 0.02578125 0.0734375
1 0.8921875 0.43671875 0.03828125 0.0515625
1 0.61328125 0.40703125 0.04296875 0.071875
1 0.70625 0.42734375 0.040625 0.06328125
7 0.32734375 0.3109375 0.05546875 0.08984375
1 0.228125 0.459375 0.05703125 0.09609375
1 0.29765625 0.4453125 0.0359375 0.0734375