11 0.91953125 0.459375 0.1609375 0.321875
11 0.6875 0.45859375 0.1625 0.3171875
11 0.484375 0.4640625 0.175 0.28125
11 0.2921875 0.45234375 0.159375 0.3015625
0 0.97890625 0.82890625 0.0421875 0.1171875
0 0.90703125 0.83671875 0.0796875 0.1140625
0 0.72890625 0.784375 0.1078125 0.10625
0 0.6703125 0.81171875 0.103125 0.1140625
0 0.5 0.76484375 0.1 0.0953125
0 0.4546875 0.80859375 0.09375 0.0953125
0 0.3328125 0.80078125 0.090625 0.0734375
0 0.2890625 0.83828125 0.1 0.0890625
0 0.12734375 0.83515625 0.1203125 0.1015625
0 0.07734375 0.8703125 0.1484375 0.1125
10 0.09921875 0.5203125 0.1984375 0.89375
10 0.29375 0.55234375 0.1796875 0.7
10 0.48046875 0.5390625 0.1953125 0.6296875
10 0.70703125 0.5375 0.1921875 0.64375
10 0.92578125 0.5453125 0.1484375 0.690625
2 0.94921875 0.29453125 0.08125 0.140625
2 0.69921875 0.3 0.08515625 0.128125
2 0.49609375 0.30390625 0.08125 0.11953125
2 0.2921875 0.28125 0.075 0.13359375
2 0.1 0.16875 0.10390625 0.17578125