11 0.1796875 0.32578125 0.253125 0.3015625
11 0.265625 0.36953125 0.0625 0.1140625
11 0.39140625 0.30390625 0.0765625 0.1546875
11 0.4734375 0.309375 0.090625 0.190625
11 0.67109375 0.290625 0.1015625 0.190625
11 0.9046875 0.3375 0.11875 0.325
0 0.8859375 0.765625 0.078125 0.046875
0 0.62109375 0.64609375 0.0546875 0.0265625
0 0.68984375 0.6453125 0.0328125 0.025
0 0.4640625 0.64375 0.046875 0.034375
10 0.90546875 0.4203125 0.1546875 0.790625
10 0.87109375 0.29765625 0.0609375 0.296875
10 0.66171875 0.38671875 0.2 0.596875
10 0.46953125 0.4046875 0.1359375 0.55625
10 0.384375 0.3859375 0.121875 0.521875
10 0.26796875 0.43359375 0.1234375 0.565625
10 0.12890625 0.4359375 0.16875 0.75625
2 0.14453125 0.15390625 0.09765625 0.13515625
2 0.26328125 0.215625 0.06640625 0.11953125
2 0.4015625 0.1921875 0.05546875 0.1265625
2 0.459375 0.1890625 0.075 0.14453125
2 0.6703125 0.165625 0.09921875 0.140625
2 0.85625 0.22109375 0.08203125 0.1234375
2 0.9078125 0.12890625 0.10234375 0.16484375
7 0.1 0.48828125 0.08984375 0.109375
7 0.23984375 0.47265625 0.03984375 0.07265625
7 0.30078125 0.4546875 0.05078125 0.07109375
7 0.42890625 0.40625 0.0453125 0.08203125
7 0.35546875 0.415625 0.07421875 0.078125
7 0.54140625 0.40859375 0.0625 0.08125
7 0.61953125 0.39453125 0.05703125 0.08828125
7 0.715625 0.42109375 0.07109375 0.09765625