11 0.746875 0.59375 0.2875 0.178125
11 0.2359375 0.6 0.303125 0.178125
11 0.27265625 0.865625 0.2734375 0.165625
11 0.74609375 0.86640625 0.2484375 0.1625
11 0.7546875 0.2859375 0.2640625 0.1796875
11 0.26875 0.29609375 0.2796875 0.1796875
10 0.26953125 0.25703125 0.3296875 0.2796875
10 0.24609375 0.55390625 0.3484375 0.28125
10 0.2828125 0.846875 0.3484375 0.284375
10 0.75 0.8484375 0.3671875 0.278125
10 0.74140625 0.55078125 0.35625 0.284375
10 0.74765625 0.26015625 0.3328125 0.2828125
8 0.26875 0.17265625 0.1234375 0.12109375
8 0.75546875 0.17578125 0.12578125 0.121875
8 0.2453125 0.49375 0.14609375 0.1765625
8 0.74453125 0.47734375 0.17109375 0.1359375
8 0.28828125 0.7640625 0.1328125 0.11171875
8 0.7546875 0.7609375 0.1671875 0.1140625