11 0.2546875 0.28203125 0.28125 0.28125
11 0.728125 0.29765625 0.2875 0.3109375
11 0.26171875 0.771875 0.290625 0.278125
11 0.76171875 0.796875 0.3046875 0.2953125
10 0.75859375 0.75625 0.3921875 0.4875
10 0.746875 0.25859375 0.34375 0.484375
10 0.2390625 0.25859375 0.34375 0.490625
10 0.29296875 0.75859375 0.4171875 0.4828125
2 0.26796875 0.58828125 0.14296875 0.13984375
2 0.74453125 0.5828125 0.15234375 0.12421875
2 0.2234375 0.08125 0.15390625 0.13125
2 0.78828125 0.08671875 0.1859375 0.13125
7 0.29296875 0.4640625 0.08984375 0.075
7 0.88359375 0.4421875 0.07265625 0.06484375
7 0.1390625 0.92890625 0.0765625 0.06796875
7 0.38203125 0.6046875 0.084375 0.06015625