11 0.1984375 0.7390625 0.240625 0.4375
11 0.48046875 0.746875 0.25625 0.41875
11 0.77734375 0.76484375 0.2515625 0.4421875
10 0.184375 0.66171875 0.36875 0.6765625
10 0.4765625 0.65546875 0.384375 0.6890625
10 0.76484375 0.6640625 0.3796875 0.671875
8 0.20703125 0.42421875 0.11796875 0.1890625
8 0.48828125 0.4421875 0.1234375 0.19609375
8 0.77109375 0.44921875 0.12421875 0.20703125
7 0.16875 0.82734375 0.11015625 0.08515625
7 0.7546875 0.8578125 0.10234375 0.09609375
7 0.61875 0.95703125 0.053125 0.0859375