11 0.8015625 0.7390625 0.240625 0.4375
11 0.51953125 0.746875 0.25625 0.41875
11 0.22265625 0.76484375 0.2515625 0.4421875
10 0.815625 0.66171875 0.36875 0.6765625
10 0.5234375 0.65546875 0.384375 0.6890625
10 0.23515625 0.6640625 0.3796875 0.671875
8 0.79296875 0.42421875 0.11796875 0.1890625
8 0.51171875 0.4421875 0.1234375 0.19609375
8 0.22890625 0.44921875 0.12421875 0.20703125
7 0.83125 0.82734375 0.11015625 0.08515625
7 0.2453125 0.8578125 0.10234375 0.09609375
7 0.38125 0.95703125 0.053125 0.0859375