11 0.1984375 0.7390625 0.2421875 0.4375
11 0.48046875 0.746875 0.25625 0.41875
11 0.77734375 0.76484375 0.2515625 0.4421875
10 0.7640625 0.6703125 0.38125 0.659375
10 0.47734375 0.6625 0.3515625 0.675
10 0.20078125 0.6609375 0.3484375 0.678125
8 0.7671875 0.4453125 0.11875 0.20078125
8 0.484375 0.4390625 0.12109375 0.20078125
8 0.2046875 0.42578125 0.1296875 0.1921875
7 0.76171875 0.85859375 0.09453125 0.07734375
7 0.45078125 0.84921875 0.09765625 0.078125
7 0.16484375 0.8296875 0.11328125 0.08984375