11 0.8015625 0.7390625 0.2421875 0.4375
11 0.51953125 0.746875 0.25625 0.41875
11 0.22265625 0.76484375 0.2515625 0.4421875
10 0.2359375 0.6703125 0.38125 0.659375
10 0.52265625 0.6625 0.3515625 0.675
10 0.79921875 0.6609375 0.3484375 0.678125
8 0.2328125 0.4453125 0.11875 0.20078125
8 0.515625 0.4390625 0.12109375 0.20078125
8 0.7953125 0.42578125 0.1296875 0.1921875
7 0.23828125 0.85859375 0.09453125 0.07734375
7 0.54921875 0.84921875 0.09765625 0.078125
7 0.83515625 0.8296875 0.11328125 0.08984375