11 0.85859375 0.378125 0.1546875 0.2390625
11 0.671875 0.44609375 0.1296875 0.2734375
11 0.315625 0.47578125 0.36875 0.5359375
11 0.70234375 0.7625 0.1765625 0.1625
11 0.85 0.80546875 0.1390625 0.1578125
10 0.6953125 0.80390625 0.203125 0.390625
10 0.8640625 0.825 0.19375 0.35
10 0.8484375 0.3765625 0.23125 0.440625
10 0.6765625 0.39140625 0.16875 0.4015625
8 0.84609375 0.221875 0.1546875 0.1453125
8 0.6796875 0.2640625 0.14375 0.16328125
8 0.87109375 0.70546875 0.10078125 0.11484375
8 0.715625 0.6609375 0.12734375 0.10234375