10 0.67109375 0.52421875 0.13125 0.578125
10 0.52421875 0.596875 0.1546875 0.5
10 0.32421875 0.4078125 0.1171875 0.509375
10 0.53828125 0.26875 0.096875 0.16875
10 0.69765625 0.2671875 0.103125 0.275
8 0.69453125 0.27578125 0.1015625 0.13125
8 0.525 0.3765625 0.11953125 0.11484375
2 0.31953125 0.2078125 0.07421875 0.11640625
2 0.525 0.2265625 0.05234375 0.090625
2 0.68203125 0.17265625 0.08125 0.11640625
0 0.378125 0.61328125 0.07265625 0.1140625
0 0.3125 0.6125 0.06875 0.12578125
9 0.31484375 0.3625 0.1421875 0.22890625
9 0.521875 0.53046875 0.12890625 0.2390625
9 0.678125 0.4421875 0.1515625 0.2546875