11 0.75 0.61796875 0.5 0.7640625
11 0.10625 0.64609375 0.0953125 0.3953125
11 0.38984375 0.659375 0.2984375 0.6796875
11 0.06328125 0.659375 0.0671875 0.3296875
11 0.17109375 0.67109375 0.1515625 0.49375
11 0.265625 0.725 0.134375 0.55
10 0.78359375 0.50234375 0.4328125 0.9953125
10 0.4 0.60625 0.2125 0.7875
10 0.265625 0.6671875 0.0625 0.665625
10 0.1671875 0.67109375 0.09296875 0.6265625
10 0.096875 0.6875 0.0765625 0.62421875
8 0.696875 0.18671875 0.23671875 0.3734375
8 0.37265625 0.328125 0.14609375 0.25859375
8 0.26796875 0.40625 0.115625 0.17734375
8 0.1890625 0.428125 0.09609375 0.14453125
8 0.1140625 0.43125 0.075 0.12421875
8 0.06484375 0.49375 0.065625 0.084375