11 0.2546875 0.6140625 0.509375 0.771875
11 0.8859375 0.63359375 0.0953125 0.359375
11 0.94296875 0.653125 0.0671875 0.328125
11 0.6125 0.659375 0.2984375 0.6796875
11 0.8359375 0.66796875 0.1484375 0.4859375
11 0.7421875 0.7234375 0.1359375 0.553125
10 0.22578125 0.5 0.4515625 1
10 0.61328125 0.6015625 0.228125 0.79609375
10 0.734375 0.65078125 0.096875 0.6984375
10 0.83125 0.65625 0.075 0.68671875
10 0.90859375 0.68203125 0.0796875 0.6359375
8 0.30625 0.203125 0.26171875 0.35546875
8 0.6234375 0.33125 0.17109375 0.2375
8 0.734375 0.409375 0.09296875 0.17890625
8 0.8265625 0.425 0.0875 0.2109375
8 0.8890625 0.45703125 0.06953125 0.16796875
8 0.94921875 0.52578125 0.046875 0.109375