11 0.253125 0.61953125 0.50625 0.7609375
11 0.89609375 0.640625 0.0828125 0.39375
11 0.94609375 0.653125 0.0671875 0.334375
11 0.6140625 0.659375 0.303125 0.6796875
11 0.83828125 0.671875 0.140625 0.4890625
11 0.76953125 0.71640625 0.175 0.5671875
10 0.24140625 0.5015625 0.4828125 0.996875
10 0.5890625 0.60625 0.23125 0.7875
10 0.74375 0.66484375 0.0953125 0.6703125
10 0.83828125 0.67578125 0.1015625 0.6484375
10 0.8984375 0.70078125 0.0609375 0.5984375
10 0.95 0.7078125 0.059375 0.584375
8 0.275 0.221875 0.27109375 0.4109375
8 0.62734375 0.32578125 0.20546875 0.2828125