11 0.25 0.6203125 0.5 0.759375
11 0.88984375 0.64140625 0.1 0.396875
11 0.9359375 0.65703125 0.059375 0.3421875
11 0.61171875 0.6609375 0.2984375 0.678125
11 0.83046875 0.66796875 0.1484375 0.4703125
11 0.73984375 0.7265625 0.1375 0.546875
10 0.23828125 0.5078125 0.425 0.98359375
10 0.59609375 0.6125 0.2328125 0.775
10 0.7484375 0.66328125 0.11796875 0.6734375
10 0.8125 0.67109375 0.11953125 0.6578125
10 0.8953125 0.68984375 0.10625 0.6203125
8 0.30859375 0.18359375 0.2671875 0.3671875
8 0.640625 0.34453125 0.16484375 0.22890625
8 0.7375 0.40625 0.10546875 0.16953125
8 0.8125 0.41640625 0.09765625 0.14921875
8 0.9046875 0.44140625 0.08671875 0.11796875